0 00000111
1 1000010110
2 0101001010
3 10011110001
4 10001000000
5 10000000101
6 01111110000
7 01101011011
8 01110111000
9 10001111010
10 0010101010
11 0111001001
12 100000000
13 0110100110
14 0101110010
15 0110001100
16 0110001111
17 1000100001
18 000011100
19 010111000
20 010100001
21 01100111
22 100110000
23 00011100
24 011110001
25 011010010
26 010111101
27 010010101
28 011010001
29 011011010
30 011111111
31 100011111
32 00001111
33 01010111
34 10010110
35 01011101
36 00000101
37 100111110
38 00110110
39 100010110
40 100110110
41 100101000
42 100111010
43 00001000
44 00101001
45 01001000
46 01011011
47 01101100
48 10001101
49 10010010
50 0011100
51 0001011
52 01110101
53 01100110
54 00101111
55 00000001
56 00000010
57 100001111
58 00011111
59 100000011
60 001100
61 01110110
62 100010100
63 100111101
64 100100000
65 100111011
66 00001010
67 01001011
68 010001
69 01111100
70 01010011
71 00011110
72 00001101
73 100110111
74 100110001
75 100010010
76 100100001
77 01010101
78 011110111
79 00001011
80 01111101
81 110
82 001110101
83 01111001
84 100111001
85 000000001
86 011010000
87 001101000
88 000001100
89 1000111001
90 1001011110
91 1000100010
92 1001001111
93 1001100110
94 1001110000
95 000010010
96 1001110001
97 000011001
98 000000111
99 001010100
100 001101001
101 010010100
102 010110100
103 011011110
104 00011000
105 010011
106 100011101
107 011100101
108 000101010
109 1001101011
110 1000000011
111 1000100111
112 1000101010
113 1001011100
114 000111011
115 100100010
116 010000
117 100000010
118 010101001
119 1000100110
120 0110110110
121 0101000001
122 0011011111
123 0011011110
124 0101010001
125 0001110101
126 0101011000
127 0110101100
128 0111100001
129 1000011010
130 1000111100
131 1001100111
132 000101001
133 011111110
134 10000100
135 111
136 01110000
137 011100011
138 000011000
139 1000100011
140 1001010100
141 000000000
142 001110100
143 100011001
144 001111
145 100100011
146 010100100
147 1001001101
148 0111100000
149 0110100111
150 0101011010
151 0001100101
152 0100100111
153 10010111111
154 0101110011
155 10011010101
156 1000011100
157 011011100
158 0001010110
159 00101110
160 0001110100
161 01011111
162 0000011010
163 101
164 10010011101
165 011111101
166 1000111000
167 10001111011
168 0001010001
169 01110111011
170 10000101011
171 01111110001
172 10000101010
173 10000101001
174 10000101000
175 10001000001
176 10010011100
177 10011110000
178 10011010100
179 10010111110
180 0001100100
181 0100100110
182 0101000000
183 1000011101
184 1001011101
185 000011101
186 1001111001
187 010010010
188 011011101
189 000110011
190 100011000
191 000100
192 100111111
193 011101111
194 00000100
195 01101010
196 01010001
197 01110100
198 0101100
199 100110010
200 01100010
201 100010111
202 00101011
203 01100001
204 00100
205 00111011
206 100101011
207 011010111
208 010110101
209 1001001100
210 1000011011
211 1000101011
212 0111111001
213 0111101100
214 0110001101
215 0110001110
216 0101011001
217 0101001011
218 0111001000
219 0111101101
220 1000010111
221 000000110
222 001101011
223 011100010
224 100001100
225 100110100
226 01110011
227 0110010
228 001101110
229 0000011011
230 01110111010
231 01010110111
232 00101010111
233 00010100001
234 00010100000
235 00101010110
236 01010110110
237 01101011010
238 01110111001
239 10000000100
240 0001010111
241 0101010000
242 0110110111
243 1001010101
244 000010011
245 001010001
246 001010000
247 001101010
248 010111100
249 011011111
250 100101001
251 01100000
252 01111010
253 0001101
254 1000001
255 0010110
