000000111
11000010110
20101001010
310011110001
410001000000
510000000101
601111110000
701101011011
801110111000
910001111010
100010101010
110111001001
12100000000
130110100110
140101110010
150110001100
160110001111
171000100001
18000011100
19010111000
20010100001
2101100111
22100110000
2300011100
24011110001
25011010010
26010111101
27010010101
28011010001
29011011010
30011111111
31100011111
3200001111
3301010111
3410010110
3501011101
3600000101
37100111110
3800110110
39100010110
40100110110
41100101000
42100111010
4300001000
4400101001
4501001000
4601011011
4701101100
4810001101
4910010010
500011100
510001011
5201110101
5301100110
5400101111
5500000001
5600000010
57100001111
5800011111
59100000011
60001100
6101110110
62100010100
63100111101
64100100000
65100111011
6600001010
6701001011
68010001
6901111100
7001010011
7100011110
7200001101
73100110111
74100110001
75100010010
76100100001
7701010101
78011110111
7900001011
8001111101
81110
82001110101
8301111001
84100111001
85000000001
86011010000
87001101000
88000001100
891000111001
901001011110
911000100010
921001001111
931001100110
941001110000
95000010010
961001110001
97000011001
98000000111
99001010100
100001101001
101010010100
102010110100
103011011110
10400011000
105010011
106100011101
107011100101
108000101010
1091001101011
1101000000011
1111000100111
1121000101010
1131001011100
114000111011
115100100010
116010000
117100000010
118010101001
1191000100110
1200110110110
1210101000001
1220011011111
1230011011110
1240101010001
1250001110101
1260101011000
1270110101100
1280111100001
1291000011010
1301000111100
1311001100111
132000101001
133011111110
13410000100
135111
13601110000
137011100011
138000011000
1391000100011
1401001010100
141000000000
142001110100
143100011001
144001111
145100100011
146010100100
1471001001101
1480111100000
1490110100111
1500101011010
1510001100101
1520100100111
15310010111111
1540101110011
15510011010101
1561000011100
157011011100
1580001010110
15900101110
1600001110100
16101011111
1620000011010
163101
16410010011101
165011111101
1661000111000
16710001111011
1680001010001
16901110111011
17010000101011
17101111110001
17210000101010
17310000101001
17410000101000
17510001000001
17610010011100
17710011110000
17810011010100
17910010111110
1800001100100
1810100100110
1820101000000
1831000011101
1841001011101
185000011101
1861001111001
187010010010
188011011101
189000110011
190100011000
191000100
192100111111
193011101111
19400000100
19501101010
19601010001
19701110100
1980101100
199100110010
20001100010
201100010111
20200101011
20301100001
20400100
20500111011
206100101011
207011010111
208010110101
2091001001100
2101000011011
2111000101011
2120111111001
2130111101100
2140110001101
2150110001110
2160101011001
2170101001011
2180111001000
2190111101101
2201000010111
221000000110
222001101011
223011100010
224100001100
225100110100
22601110011
2270110010
228001101110
2290000011011
23001110111010
23101010110111
23200101010111
23300010100001
23400010100000
23500101010110
23601010110110
23701101011010
23801110111001
23910000000100
2400001010111
2410101010000
2420110110111
2431001010101
244000010011
245001010001
246001010000
247001101010
248010111100
249011011111
250100101001
25101100000
25201111010
2530001101
2541000001
2550010110
